4294967294,430
4294967294,1432
4294967278,376
4294967279,200
4294967278,198
4294967279,199
4294967278,197
4294967279,195
4294967279,198
170,7
170,6
4294967279,197
170,5
170,4
170,3
170,2
170,1
4294967279,474
4294967278,163
4294967279,296
169,7
169,6
169,5
169,4
169,3
169,2
169,1
4294967279,295
4294967279,402
4294967279,431
4294967279,451
4294967279,137
4294967279,133
4294967278,325
4294967278,13
4294967278,384
4294967278,20
4294967278,319
4294967278,243
4294967279,242
4294967279,226
4294967278,18
4294967279,224
4294967278,16
4294967278,406
4294967278,304
4294967279,181
4294967279,179
4294967278,12
4294967278,11
4294967278,10
4294967278,8
4294967278,6
4294967279,128
4294967279,126
4294967279,125
4294967279,123
4294967279,121
4294967279,113
4294967279,111
4294967279,110
4294967279,108
4294967279,106
4294967279,104
4294967279,101
4294967279,177
4294967278,175
4294967278,169
4294967279,170
4294967278,168
4294967294,487
4294967294,486
4294967279,169
4294967278,382
4294967278,123
4294967278,381
4294967278,122
4294967278,249
4294967278,241
4294967278,113
4294967278,111
4294967278,109
4294967278,225
4294967278,107
4294967278,106
4294967278,378
4294967278,96
4294967278,91
4294967278,89
4294967278,85
4294967278,84
4294967278,83
4294967278,82
4294967278,81
4294967278,80
4294967278,78
4294967278,371
4294967278,75
4294967278,405
4294967278,73
4294967278,69
4294967278,68
4294967278,345
4294967278,63
4294967278,61
4294967278,367
4294967278,59
4294967278,366
4294967278,58
4294967278,57
4294967278,54
4294967278,53
4294967278,52
4294967278,50
4294967278,49
4294967278,48
4294967278,47
4294967278,294
4294967278,46
4294967278,44
4294967278,336
4294967278,42
4294967278,41
4294967278,40
4294967278,39
4294967278,38
4294967278,260
4294967278,333
4294967278,37
4294967278,36
4294967278,394
4294967278,35
4294967278,33
4294967278,362
4294967278,32
4294967278,289
4294967278,31
4294967278,361
4294967278,30
4294967278,288
4294967278,26
4294967278,24
4294967278,21
4294967278,55
4294967278,297
4294967279,86
4294967279,85
4294967279,84
4294967279,82
4294967279,81
4294967279,80
4294967279,79
4294967279,443
4294967279,75
4294967279,70
4294967279,69
4294967279,68
4294967279,67
4294967279,64
4294967279,62
4294967279,439
4294967279,60
4294967279,59
4294967279,438
4294967279,58
4294967279,57
4294967279,54
4294967279,43
4294967279,40
4294967279,39
4294967279,37
4294967279,428
4294967279,32
4294967279,401
4294967279,399
4294967279,278
4294967279,25
4294967279,398
4294967279,55
4294967279,15
4294967279,406
4294967279,5
4294967278,166
4294967279,167
4294967294,30
4294967294,1237
4294967294,1236
4294967294,1234
4294967294,1233
4294967294,1228
4294967294,1217
4294967294,1062
4294967294,1060
4294967294,1059
4294967294,1058
4294967294,1057
4294967294,60
4294967278,164
4294967294,12
4294967294,11
4294967294,68
4294967279,52
4294967279,302
4294967279,435
4294967279,45
4294967279,162
4294967278,160
167,6
4294967279,161
167,5
4294967278,159
167,4
4294967279,160
167,3
167,2
167,1
4294967278,158
4294967278,45
4294967278,293
4294967279,157
4294967278,43
4294967278,337
4294967278,153
4294967279,153
4294967278,152
4294967279,149
4294967278,148
4294967279,148
4294967278,147
4294967278,34
4294967278,363
4294967279,34
4294967279,294
4294967278,29
4294967278,360
4294967279,29
4294967278,28
4294967278,332
4294967278,27
4294967278,331
4294967279,26
4294967279,459
4294967278,25
4294967278,137
4294967279,24
4294967279,277
4294967278,23
4294967278,275
4294967278,22
4294967279,22
4294967279,134
4294967279,274
4294967278,133
166,6
4294967279,291
166,5
166,4
4294967279,290
166,3
166,2
166,1
4294967279,473
4294967279,19
4294967279,17
4294967279,289
4294967279,270
4294967279,14
4294967279,12
4294967279,263
4294967279,265
4294967279,264
4294967278,418
4294967279,258
4294967294,484
4294967279,453
4294967278,121
4294967278,417
4294967278,131
4294967279,257
4294967278,305
4294967278,128
4294967278,320
4294967278,383
4294967278,126
4294967278,255
4294967279,472
4294967278,124
163,6
4294967278,253
163,5
163,4
163,3
163,2
163,1
4294967278,251
4294967278,120
4294967278,119
4294967278,247
4294967278,221
4294967278,174
4294967279,247
4294967278,118
4294967278,242
4294967279,450
4294967278,116
4294967279,385
4294967278,316
4294967278,236
4294967278,228
4294967278,226
4294967294,488
4294967278,219
4294967294,9
4294967278,214
4294967294,1246
4294967294,1086
4294967294,419
4294967294,1431
4294967278,101
4294967278,380
4294967278,99
4294967278,314
4294967278,416
4294967278,209
160,6
4294967279,210
160,5
4294967278,208
160,4
160,3
160,2
160,1
4294967279,464
4294967278,207
4294967278,92
4294967278,203
4294967279,204
4294967278,90
4294967279,471
4294967278,87
4294967278,375
4294967279,446
4294967279,470
4294967279,410
4294967279,78
4294967279,309
4294967278,67
4294967278,77
4294967278,306
4294967279,77
4294967278,76
4294967279,76
4294967279,189
4294967279,74
4294967279,188
4294967279,413
4294967278,72
4294967278,303
4294967279,72
4294967279,71
4294967279,454
4294967278,70
4294967278,66
4294967278,56
4294967279,66
4294967279,409
4294967278,65
4294967278,390
4294967279,65
4294967279,441
4294967278,64
4294967278,344
4294967279,63
4294967279,407
4294967278,62
4294967278,343
4294967279,61
4294967278,60
4294967278,170
4294967279,53
4294967279,404
4294967294,399
4294967294,1087
4294967294,178
4294967294,385
4294967294,421
4294967294,406
4294967294,415
4294967294,599
4294967294,1083
4294967294,167
4294967294,183
4294967294,398
4294967294,410
4294967294,455
4294967278,339
4294967278,296
4294967278,415
4294967278,51
4294967279,51
4294967279,164
4294967279,50
4294967279,300
4294967278,161
154,7
4294967279,48
